#"Step","Potential Energy (kJ/mole)","Kinetic Energy (kJ/mole)","Total Energy (kJ/mole)","Temperature (K)"
1000,-89680.35499478685,12317.90557295247,-77362.44942183438,237.0974653841583
2000,-86626.40382291185,13918.32761287177,-72708.07621004008,267.9027030897481
3000,-85329.69972134935,15161.118339217268,-70168.58138213208,291.82418304219
4000,-84117.64308072435,15400.450699525652,-68717.19238119869,296.4308993120506
5000,-83333.96534634935,15281.332357324893,-68052.63298902445,294.138086069629
6000,-82891.22804166185,15430.48216466239,-67460.74587699946,297.0089508504004
7000,-82956.61866666185,15855.177115290659,-67101.44155137119,305.1835626591251
8000,-83180.03956509935,15819.636083429446,-67360.4034816699,304.4994618985271
9000,-83164.06300259935,15537.595251094666,-67626.46775150468,299.0706845722704
10000,-83476.70948697435,15760.467749325093,-67716.24173764925,303.36057818456607
11000,-82842.46729947435,15403.576054595876,-67438.89124487847,296.49105676018064
12000,-82765.27589322435,15443.299304990796,-67321.97658823355,297.2556576843943
13000,-83088.56300259935,15855.129680004204,-67233.43332259514,305.1826496154164
14000,-82968.43995572435,15465.13140763808,-67503.30854808626,297.67588628340576
15000,-83026.50050259935,15395.014076043852,-67631.4864265555,296.3262541156615
16000,-83105.04933072435,15511.379672532785,-67593.66965819156,298.5660819680542
17000,-82897.75636197435,15331.221582200611,-67566.53477977373,295.0983636669818
18000,-83129.73292447435,15571.3548099834,-67558.37811449094,299.72049519125926
19000,-83099.64308072435,15812.193308668677,-67287.44977205567,304.3562019083646
20000,-82986.29835416185,15850.715562038356,-67135.58279212349,305.09768580599183
21000,-83026.66456509935,15957.636567273177,-67069.02799782617,307.15572231125356
22000,-83182.12354947435,15582.05103662191,-67600.07251285244,299.92637826205777
23000,-83438.48683072435,15678.396672003902,-67760.09015872044,301.7808579716649
24000,-83064.86280728685,15575.65507303318,-67489.20773425366,299.8032674989011
25000,-82528.62550259935,15592.32783319999,-66936.29766939936,300.1241880606879
26000,-82902.24464322435,15523.094134899438,-67379.1505083249,298.791564240103
27000,-83090.32081509935,15602.571328286547,-67487.7494868128,300.3213568656697
28000,-83098.11183072435,15966.200689110905,-67131.91114161344,307.3205662101567
29000,-82801.89698697435,15988.468231723877,-66813.42875525047,307.7491762431368
30000,-83259.96534634935,15666.262260335963,-67593.70308601338,301.54729243299784
31000,-83467.78077603685,15650.36523063248,-67817.41554540436,301.2413032835024
32000,-82819.13331509935,15584.737337187864,-67234.39597791148,299.9780847028707
33000,-82693.06495572435,15607.199499028968,-67085.86545669538,300.4104408049721
34000,-82619.92823697435,15093.478383481968,-67526.44985349238,290.5222358914706
35000,-83336.96729947435,15481.262118334125,-67855.70518114022,297.98637337053486
36000,-82692.90968228685,15505.767859993968,-67187.14182229288,298.4580646982932
37000,-82935.00343228685,15732.134384736884,-67202.86904754996,302.81521201903706
38000,-82939.78761197435,15438.633075043093,-67501.15453693125,297.16584117403477
39000,-83354.42140103685,15711.736497649457,-67642.68490338739,302.4225894827643
40000,-82853.76808072435,15461.533888262697,-67392.23419246165,297.6066405240092
41000,-82798.76515103685,15357.946102282964,-67440.81904875388,295.6127624775269
42000,-82742.19483853685,15214.61143395165,-67527.5834045852,292.85382863428856
43000,-82810.09132291185,15640.017361782957,-67170.07396112889,301.0421254718347
44000,-83088.58351041185,15889.745088463533,-67198.83842194831,305.84893379500653
45000,-83031.56202603685,15462.840461669024,-67568.72156436782,297.6317897055112
46000,-82721.60206509935,15356.139660866815,-67365.46240423253,295.57799173841084
47000,-82871.19386197435,15659.915501021547,-67211.2783609528,301.42512876337565
48000,-82511.20167447435,15966.179173008073,-66545.02250146627,307.32015206398415
49000,-82883.56300259935,16154.125166634738,-66729.4378359646,310.93777345701034
50000,-83155.70851041185,15565.564832724398,-67590.14367768745,299.60904857197716
51000,-83114.00148769596,15577.437182488618,-67536.56430520734,299.8375698916593
52000,-82915.72325599514,15468.682578503154,-67447.04067749198,297.7442399175742
53000,-83363.24075839587,15580.62022599671,-67782.62053239916,299.89883773816996
54000,-83148.54923102277,15423.391141395317,-67725.15808962745,296.8724614420634
55000,-83127.21010112303,15479.173700885149,-67648.03640023788,297.9461751013661
56000,-82930.92424068484,15551.309937106445,-67379.61430357839,299.33466754183246
57000,-82670.98965783126,15405.162433917634,-67265.82722391363,296.52159170088936
58000,-82867.23768455588,15304.262212245027,-67562.97547231085,294.57944441995835
59000,-82905.95346408495,15503.385557264555,-67402.56790682039,298.41220966753525
60000,-82886.8442544234,15485.809366034344,-67401.03488838905,298.07389968722975
61000,-83022.46413027518,15640.027589762118,-67382.43654051307,301.0423223419861
62000,-82728.68984231132,15455.713841316407,-67272.97600099491,297.4946151174813
63000,-83336.93263440218,15700.01505273208,-67636.9175816701,302.196972809208
64000,-83245.86118468264,15886.739449433051,-67359.12173524959,305.79108066471855
65000,-83553.12119768024,15624.650351997465,-67928.47084568278,300.7463382498029
66000,-83541.8520663908,15587.608263393166,-67954.24380299763,300.03334485424557
67000,-83392.11838987248,15725.53954176238,-67666.5788481101,302.68827318640837
68000,-82947.71519969357,15455.014078946318,-67492.70112074725,297.48114595396675
69000,-83373.18117776449,15545.84095028229,-67827.3402274822,299.22939940947447
70000,-83459.48556726135,15592.661207982106,-67866.82435927924,300.1306049239602
71000,-83588.99095041153,15417.013729417231,-68171.9772209943,296.74970776395156
72000,-83427.22983410285,15524.319492505223,-67902.91034159763,298.81515016392746
73000,-83116.56415225647,15419.62972726021,-67696.93442499626,296.8000610041471
74000,-82818.01869420696,15811.72238828498,-67006.29630592198,304.3471375403427
75000,-82754.94003406039,15451.856411339482,-67303.08362272091,297.4203665477866
76000,-82892.44442150352,15696.844915338792,-67195.59950616473,302.1359533821295
77000,-83032.91627896106,15613.2328745774,-67419.68340438366,300.52657240232617
78000,-83349.4464103193,15825.043792220415,-67524.40261809889,304.60355053926884
79000,-83332.5291042251,15512.148472311208,-67820.3806319139,298.58087997716154
80000,-83165.6341009853,15694.544245475205,-67471.0898555101,302.0916696368035
81000,-82892.29855741747,15512.405128786195,-67379.89342863127,298.5858201513928
82000,-83273.63587239402,15832.091907587368,-67441.54396480665,304.7392140479184
83000,-83617.52527861611,15656.22017851891,-67961.3051000972,301.35400047017976
84000,-83756.28941747092,15674.04373397585,-68082.24568349507,301.6970717656972
85000,-83295.5410560022,15431.197811497492,-67864.34324450471,297.02272576121686
86000,-83699.36007083819,15594.716019419022,-68104.64405141916,300.17015633800946
87000,-83489.76026903122,15350.368140058825,-68139.3921289724,295.4669003725223
88000,-83670.71627799753,15519.079852733063,-68151.63642526447,298.7142965486641
89000,-83417.14703764126,15268.283540745266,-68148.863496896,293.8869198856566
90000,-83675.15110560553,15567.677417937666,-68107.47368766787,299.6497120270189
91000,-83269.05084337533,15512.881975647877,-67756.16886772745,298.59499859342674
92000,-83622.3509596982,15910.940491764573,-67711.41046793363,306.2569070799704
93000,-82617.08709968836,15271.771067727765,-67345.3160319606,293.9540484898752
94000,-83482.94255876914,16179.989603945287,-67302.95295482385,311.43561722546593
95000,-83037.54381741019,15629.065755171468,-67408.47806223872,300.8313267971664
96000,-83103.38440865302,15671.858258277643,-67431.52615037537,301.6550053002876
97000,-82721.53394570504,15576.579302303959,-67144.95464340108,299.82105724539963
98000,-83236.34141642193,15456.947475915775,-67779.39394050615,297.5183603585037
99000,-83066.08291961881,15612.709399960935,-67453.37351965788,300.5164964601117
100000,-82911.39581726101,15508.312262070365,-67403.08355519065,298.50703984911405
101000,-83295.22260375525,15524.813960973639,-67770.40864278161,298.8246677901083
102000,-83390.43743589887,15619.790058159357,-67770.64737773951,300.65278635957185
103000,-83090.50114075141,15659.884316357318,-67430.61682439409,301.4245285148347
104000,-83462.11590401182,15630.430356683675,-67831.68554732815,300.85759291504553
105000,-83398.8051636988,15414.248940171208,-67984.55622352759,296.6964905576114
106000,-83403.11704380618,15492.198328119703,-67910.91871568648,298.19687568407454
107000,-83388.62886065239,15683.591631960124,-67705.03722869226,301.8808515810571
108000,-83138.5878041471,15546.54856162949,-67592.03924251761,299.2430196516419
109000,-83093.05527175032,15436.289724017028,-67656.76554773329,297.120735893312
110000,-82727.14611202304,15877.437296394084,-66849.70881562895,305.6120309963238
111000,-82972.17054199305,15877.59170231456,-67094.57883967849,305.6150030318025
112000,-82881.8500261865,15902.252670291811,-66979.59735589469,306.0896821862007
113000,-82991.33852607233,15593.347599639324,-67397.990926433,300.14381672536786
114000,-82691.6404072899,15637.277817679511,-67054.36258961039,300.9893941889565
115000,-83270.14564655465,15834.409938307479,-67435.73570824717,304.7838319584199
116000,-83058.77778330911,15543.089247544296,-67515.68853576481,299.17643409481076
117000,-83224.11143417889,15695.155470661717,-67528.95596351718,302.10343461922224
118000,-82855.6723042946,15648.333614837145,-67207.33868945745,301.2021983437174
119000,-82939.06097213802,15666.554903055308,-67272.50606908271,301.5529252775272
120000,-83141.10070106591,15797.036598424893,-67344.06410264102,304.06446257320897
121000,-82852.10995488719,15659.960238425294,-67192.14971646189,301.42598987770816
122000,-83106.5175075864,15416.960480740992,-67689.5570268454,296.7486828229746
123000,-83162.6636578922,15944.350222136069,-67218.31343575614,306.8999841309622
124000,-82694.76669442048,15605.567231654291,-67089.19946276619,300.3790226020095
125000,-82844.50516633724,15431.576744270744,-67412.9284220665,297.03001953364895
126000,-83165.46323534107,15342.49999391893,-67822.96324142214,295.31545275052247
127000,-82901.46699245815,15943.540659786668,-66957.92633267149,306.8844015158839
128000,-83043.86152690841,15783.664478530176,-67260.19704837824,303.80707338353926
129000,-83140.70953624416,15659.494211713783,-67481.21532453038,301.41701970404955
130000,-83021.75077327347,15770.269872044562,-67251.4809012289,303.54925136755213
131000,-83267.7428541925,15777.726025651675,-67490.01682854083,303.69276887637625
132000,-83283.6081389921,15758.723771123448,-67524.88436786865,303.32700974966895
133000,-83292.81989424198,15628.56974589196,-67664.25014835002,300.8217795131511
134000,-83692.96848898137,15460.027668746654,-68232.94082023471,297.5776485149821
135000,-83246.5884825124,15348.45896780258,-67898.12951470981,295.43015225002233
136000,-84016.9031230085,15640.592111459002,-68376.3110115495,301.0531883664651
137000,-83852.28031023627,15750.427928257326,-68101.85238197894,303.1673297370942
138000,-83477.11220055044,15527.660671512596,-67949.45152903785,298.87946183358196
139000,-83195.55390735442,15353.515860152664,-67842.03804720176,295.52748830701876
140000,-83149.0766874741,15476.771947458154,-67672.30474001594,297.89994567976146
141000,-83072.75645113463,15691.328402751591,-67381.42804838304,302.0297704645516
142000,-82887.24915196444,15883.117752099177,-67004.13139986526,305.7213695232291
143000,-82639.09786569193,15531.546108935378,-67107.55175675655,298.9542494960944
144000,-83390.59891884838,16005.841809684876,-67384.7571091635,308.08358628344854
145000,-83360.51394231297,15816.467713252874,-67544.0462290601,304.43847648718304
146000,-83098.10587470268,15761.885518213734,-67336.22035648895,303.38786767854754
147000,-83370.49979844387,15464.599330091965,-67905.9004683519,297.6656447503119
148000,-83407.8784605033,15553.554660556605,-67854.3237999467,299.37787441960637
149000,-83303.98934965156,15434.574808127712,-67869.41454152385,297.0877268555096
150000,-83154.8617485303,15427.904669914627,-67726.95707861567,296.9593387253426
